01400e13
00000013
00000013
00000013
00000013
00000013
004e0e13
3e800113
00000013
00000013
00000013
00000013
00000013
00010313
00100513
00000013
00000013
00000013
00000013
00000013
00a12023
ffc10113
01600513
00000013
00000013
00000013
00000013
00000013
00a12023
ffc10113
00300513
00000013
00000013
00000013
00000013
00000013
00a12023
ffc10113
02a00513
00000013
00000013
00000013
00000013
00000013
00a12023
ffc10113
00500513
00000013
00000013
00000013
00000013
00000013
00a12023
ffc10113
03e00513
00000013
00000013
00000013
00000013
00000013
00a12023
ffc10113
00000393
00100413
00000013
00000013
00000013
00000013
00000013
14838263
00000013
00000013
00000013
00000013
00000013
00010e13
00000013
00000013
00000013
00000013
00000013
004e0e13
00100393
0e6e5a63
00000013
00000013
00000013
00000013
00000013
000e2503
004e0e13
00000013
00000013
00000013
00000013
00000013
000e2583
00000013
00000013
00000013
00000013
00000013
ffce0e13
08a5d463
00000013
00000013
00000013
00000013
00000013
00000393
00050613
00000013
00000013
00000013
00000013
00000013
00058513
00000013
00000013
00000013
00000013
00000013
00060593
00ae2023
004e0e13
00000013
00000013
00000013
00000013
00000013
00be2023
ffce0e13
00000013
00000013
00000013
00000013
00000013
004e0e13
f20002e3
00000013
00000013
00000013
00000013
00000013
ec000ae3
00000013
00000013
00000013
00000013
00000013
