06400513
00000013
00000013
00000013
00000013
00000013
00000593
00000013
00000013
00000013
00000013
00000013
00100613
00000013
00000013
00000013
00000013
00000013
00100693
00000013
00000013
00000013
00000013
00000013
3e800113
00000013
00000013
00000013
00000013
00000013
00c12023
00000013
00000013
00000013
00000013
00000013
ffc10113
00000013
00000013
00000013
00000013
00000013
0ca6d063
00000013
00000013
00000013
00000013
00000013
00060713
00000013
00000013
00000013
00000013
00000013
00c58633
00000013
00000013
00000013
00000013
00000013
00070593
00000013
00000013
00000013
00000013
00000013
00c12023
00000013
00000013
00000013
00000013
00000013
ffc10113
00000013
00000013
00000013
00000013
00000013
00168693
00000013
00000013
00000013
00000013
00000013
f4000ce3
00000013
00000013
00000013
00000013
00000013
